name: one
channels:
  - anaconda
  - conda-forge
  - defaults
dependencies:
  - bzip2=1.0.8=h8ffe710_4
  - ca-certificates=2022.4.26=haa95532_0
  - click=8.1.3=py39hcbf5309_0
  - cmake=3.22.1=h9ad04ae_0
  - colorama=0.4.4=pyh9f0ad1d_0
  - dlib=19.24.0=py39hf8509d4_0
  - face_recognition=1.3.0=pyhd3deb0d_2
  - face_recognition_models=0.3.0=pyh9f0ad1d_0
  - flask=2.1.2=pyhd8ed1ab_1
  - flask-wtf=1.0.1=pyhd8ed1ab_0
  - freetype=2.10.4=h546665d_1
  - importlib-metadata=4.11.3=py39hcbf5309_1
  - intel-openmp=2022.0.0=h57928b3_3663
  - itsdangerous=2.1.2=pyhd8ed1ab_0
  - jbig=2.1=h8d14728_2003
  - jinja2=3.1.2=pyhd8ed1ab_0
  - jpeg=9e=h8ffe710_1
  - lcms2=2.12=h2a16943_0
  - lerc=3.0=h0e60522_0
  - libblas=3.9.0=14_win64_mkl
  - libcblas=3.9.0=14_win64_mkl
  - libdeflate=1.10=h8ffe710_0
  - libffi=3.4.2=h8ffe710_5
  - liblapack=3.9.0=14_win64_mkl
  - libpng=1.6.37=h1d00b33_2
  - libtiff=4.3.0=hc4061b1_3
  - libuv=1.40.0=he774522_0
  - libwebp=1.2.2=h57928b3_0
  - libwebp-base=1.2.2=h8ffe710_1
  - libxcb=1.13=hcd874cb_1004
  - libzlib=1.2.11=h8ffe710_1014
  - lz4-c=1.9.3=h8ffe710_1
  - m2w64-gcc-libgfortran=5.3.0=6
  - m2w64-gcc-libs=5.3.0=7
  - m2w64-gcc-libs-core=5.3.0=7
  - m2w64-gmp=6.1.0=2
  - m2w64-libwinpthread-git=5.0.0.4634.697f757=2
  - markupsafe=2.1.1=py39hb82d6ee_1
  - mkl=2022.0.0=h0e2418a_796
  - msys2-conda-epoch=20160418=1
  - numpy=1.22.3=py39h0948cea_2
  - openjpeg=2.4.0=hb211442_1
  - openssl=3.0.3=h8ffe710_0
  - pillow=9.1.0=py39ha53f419_2
  - pip=22.1=pyhd8ed1ab_0
  - pthread-stubs=0.4=hcd874cb_1001
  - python=3.9.12=hcf16a7b_1_cpython
  - python_abi=3.9=2_cp39
  - setuptools=62.2.0=py39hcbf5309_0
  - sqlite=3.38.5=h8ffe710_0
  - tbb=2021.5.0=h2d74725_1
  - tk=8.6.12=h8ffe710_0
  - tzdata=2022a=h191b570_0
  - ucrt=10.0.20348.0=h57928b3_0
  - vc=14.2=hb210afc_6
  - vs2015_runtime=14.29.30037=h902a5da_6
  - werkzeug=2.1.2=pyhd8ed1ab_1
  - wheel=0.37.1=pyhd8ed1ab_0
  - wtforms=3.0.1=pyhd8ed1ab_0
  - xorg-libxau=1.0.9=hcd874cb_0
  - xorg-libxdmcp=1.1.3=hcd874cb_0
  - xz=5.2.5=h62dcd97_1
  - zipp=3.8.0=pyhd8ed1ab_0
  - zlib=1.2.11=h8ffe710_1014
  - zstd=1.5.2=h6255e5f_0
  - pip:
    - certifi==2021.10.8
    - charset-normalizer==2.0.12
    - docopt==0.6.2
    - ecdsa==0.17.0
    - enum34==1.1.10
    - gunicorn==20.1.0
    - opentok==3.2.0
    - pipreqs==0.4.11
    - pyasn1==0.4.8
    - python-jose==3.3.0
    - pytz==2022.1
    - requests==2.27.1
    - rsa==4.0
    - six==1.16.0
    - urllib3==1.26.9
    - yarg==0.1.9
prefix: H:\anaconda3\envs\one
